5 0.423828125 0.1953125 0.013671875 0.013671875
0 0.49609375 0.529296875 0.072265625 0.06640625
3 0.251953125 0.7119140625 0.037109375 0.033203125
2 0.6767578125 0.73828125 0.03515625 0.0390625
4 0.2958984375 0.666015625 0.12109375 0.083984375
4 0.26953125 0.478515625 0.09765625 0.087890625
4 0.4130859375 0.302734375 0.0390625 0.078125
4 0.6298828125 0.3330078125 0.09765625 0.095703125
4 0.73046875 0.5126953125 0.080078125 0.08984375
4 0.6318359375 0.685546875 0.078125 0.0859375
1 0.4990234375 0.525390625 0.818359375 0.748046875