4 0.4921875 0.26953125 0.05078125 0.0859375
0 0.4951171875 0.498046875 0.072265625 0.0703125
4 0.32421875 0.3349609375 0.05078125 0.083984375
4 0.6796875 0.6552734375 0.04296875 0.080078125
4 0.74609375 0.4853515625 0.05078125 0.087890625
4 0.662109375 0.318359375 0.05078125 0.08203125
4 0.341796875 0.671875 0.0390625 0.078125
4 0.25390625 0.509765625 0.03515625 0.08203125
2 0.7138671875 0.69140625 0.033203125 0.03125
3 0.30169921875 0.71916015625 0.0510546875 0.05630859375
5 0.301875 0.74388671875 0.02091796875 0.01939453125
1 0.5024609375 0.49162109375 0.79138671875 0.80443359375