1 0.5146484375 0.48828125 0.794921875 0.76171875
4 0.4921875 0.2705078125 0.05078125 0.087890625
0 0.49609375 0.49609375 0.07421875 0.07421875
4 0.32421875 0.3359375 0.0546875 0.0859375
4 0.6796875 0.6552734375 0.04296875 0.080078125
4 0.74609375 0.486328125 0.05078125 0.08984375
4 0.662109375 0.318359375 0.05078125 0.08203125
4 0.2529296875 0.509765625 0.037109375 0.08203125
4 0.33984375 0.671875 0.04296875 0.078125
2 0.7138671875 0.69140625 0.033203125 0.03125
5 0.3030078125 0.74455078125 0.01357421875 0.0141796875
3 0.3009765625 0.72 0.0521875 0.0564453125