4 0.412109375 0.302734375 0.037109375 0.080078125
0 0.4951171875 0.5302734375 0.072265625 0.06640625
5 0.4248046875 0.197265625 0.01171875 0.013671875
3 0.2509765625 0.7109375 0.037109375 0.033203125
2 0.6767578125 0.73828125 0.03515625 0.037109375
4 0.294921875 0.6669921875 0.12109375 0.0859375
4 0.26953125 0.478515625 0.095703125 0.087890625
4 0.630859375 0.333984375 0.09375 0.08984375
4 0.73046875 0.51171875 0.076171875 0.087890625
4 0.6337890625 0.6865234375 0.078125 0.0859375
1 0.5 0.525390625 0.81640625 0.75