1 0.49609375 0.4912109375 0.84375 0.837890625
3 0.251953125 0.7109375 0.05078125 0.0546875
0 0.498046875 0.4951171875 0.0703125 0.080078125
4 0.736328125 0.478515625 0.10546875 0.09765625
4 0.263671875 0.447265625 0.10546875 0.09375
4 0.3974609375 0.2685546875 0.087890625 0.099609375
4 0.6298828125 0.28515625 0.087890625 0.09765625
4 0.65625 0.6826171875 0.1015625 0.099609375
4 0.306640625 0.650390625 0.04296875 0.08984375
2 0.7119140625 0.736328125 0.037109375 0.04296875
5 0.17220703125 0.5533203125 0.01953125 0.023984375