1 0.4970703125 0.525390625 0.8125 0.751953125
4 0.271484375 0.478515625 0.099609375 0.087890625
4 0.412109375 0.302734375 0.0390625 0.080078125
5 0.42578125 0.19921875 0.015625 0.021484375
4 0.630859375 0.3330078125 0.095703125 0.095703125
2 0.677734375 0.7392578125 0.041015625 0.04296875
4 0.7294921875 0.5107421875 0.080078125 0.09375
4 0.6337890625 0.6845703125 0.076171875 0.0859375
0 0.49609375 0.5302734375 0.0703125 0.068359375
3 0.2529296875 0.7109375 0.0390625 0.033203125
4 0.2958984375 0.666015625 0.125 0.091796875