1 0.5146484375 0.4921875 0.794921875 0.765625
4 0.4921875 0.2705078125 0.05078125 0.087890625
0 0.4951171875 0.49609375 0.072265625 0.07421875
4 0.32421875 0.3359375 0.05078125 0.0859375
4 0.74609375 0.486328125 0.05078125 0.08984375
4 0.6796875 0.6552734375 0.04296875 0.080078125
4 0.662109375 0.3203125 0.05078125 0.08203125
4 0.2529296875 0.509765625 0.037109375 0.08203125
4 0.33984375 0.671875 0.04296875 0.078125
2 0.7138671875 0.69140625 0.033203125 0.03125
3 0.30265625 0.72068359375 0.05185546875 0.06251953125
5 0.3025 0.74404296875 0.01271484375 0.01458984375