4 0.6328125 0.6845703125 0.076171875 0.0859375
4 0.73046875 0.51171875 0.080078125 0.087890625
4 0.630859375 0.3330078125 0.09375 0.08984375
4 0.412109375 0.302734375 0.0390625 0.080078125
4 0.2705078125 0.4775390625 0.1015625 0.08984375
1 0.498046875 0.525390625 0.810546875 0.75
4 0.294921875 0.666015625 0.123046875 0.087890625
2 0.6767578125 0.7392578125 0.037109375 0.0390625
3 0.2509765625 0.7109375 0.0390625 0.033203125
5 0.4248046875 0.1982421875 0.01171875 0.017578125
0 0.4970703125 0.53125 0.0703125 0.06640625