4 0.294921875 0.666015625 0.123046875 0.087890625
1 0.49609375 0.525390625 0.8203125 0.751953125
4 0.6337890625 0.6845703125 0.080078125 0.0859375
4 0.728515625 0.5107421875 0.078125 0.08984375
4 0.630859375 0.3349609375 0.095703125 0.091796875
4 0.412109375 0.302734375 0.04296875 0.083984375
4 0.271484375 0.4775390625 0.099609375 0.08984375
2 0.6767578125 0.73828125 0.033203125 0.04296875
3 0.2509765625 0.7109375 0.03515625 0.029296875
5 0.423828125 0.19921875 0.01171875 0.01953125
0 0.4951171875 0.5322265625 0.0703125 0.064453125