4 0.2705078125 0.48046875 0.10546875 0.091796875
0 0.49609375 0.5302734375 0.076171875 0.060546875
5 0.4248046875 0.2001953125 0.015625 0.025390625
3 0.251953125 0.7119140625 0.0390625 0.037109375
2 0.677734375 0.73828125 0.03515625 0.0390625
1 0.5 0.5234375 0.818359375 0.748046875
4 0.2958984375 0.666015625 0.123046875 0.0859375
4 0.4111328125 0.3037109375 0.041015625 0.080078125
4 0.630859375 0.33203125 0.09765625 0.091796875
4 0.7294921875 0.51171875 0.080078125 0.087890625
4 0.6337890625 0.68359375 0.080078125 0.08203125