1 0.5009765625 0.4951171875 0.783203125 0.767578125
4 0.4921875 0.26953125 0.05078125 0.0859375
0 0.49609375 0.49609375 0.07421875 0.07421875
4 0.33984375 0.671875 0.04296875 0.08203125
4 0.74609375 0.4853515625 0.05078125 0.087890625
4 0.32421875 0.3359375 0.05078125 0.0859375
4 0.662109375 0.318359375 0.05078125 0.08203125
4 0.677734375 0.6572265625 0.04296875 0.083984375
4 0.2529296875 0.5078125 0.037109375 0.08203125
2 0.7138671875 0.69140625 0.033203125 0.03125
3 0.30318359375 0.718828125 0.05458984375 0.05458984375
5 0.295859375 0.7386328125 0.01181640625 0.01138671875