1 0.5146484375 0.4921875 0.794921875 0.76953125
4 0.4921875 0.2705078125 0.05078125 0.087890625
0 0.494140625 0.49609375 0.0703125 0.07421875
4 0.677734375 0.6552734375 0.04296875 0.080078125
4 0.32421875 0.3349609375 0.05078125 0.083984375
4 0.74609375 0.4853515625 0.05078125 0.091796875
4 0.662109375 0.318359375 0.05078125 0.08203125
4 0.33984375 0.6708984375 0.04296875 0.080078125
4 0.2529296875 0.509765625 0.037109375 0.08203125
2 0.7138671875 0.6904296875 0.033203125 0.033203125
3 0.30130859375 0.719375 0.05177734375 0.05650390625
5 0.30326171875 0.74259765625 0.01216796875 0.01328125