1 0.4931640625 0.48828125 0.849609375 0.83984375
4 0.39453125 0.2666015625 0.08984375 0.099609375
0 0.494140625 0.4951171875 0.07421875 0.080078125
4 0.736328125 0.4775390625 0.10546875 0.099609375
4 0.26171875 0.443359375 0.10546875 0.09765625
2 0.7109375 0.734375 0.0390625 0.04296875
4 0.6533203125 0.6787109375 0.103515625 0.099609375
3 0.2490234375 0.7109375 0.048828125 0.05859375
4 0.626953125 0.28125 0.09375 0.09765625
4 0.30859375 0.6494140625 0.04296875 0.087890625
5 0.2424609375 0.735234375 0.01646484375 0.01958984375