5 0.423828125 0.1962890625 0.013671875 0.013671875
4 0.73046875 0.51171875 0.078125 0.087890625
4 0.6328125 0.685546875 0.076171875 0.0859375
1 0.4970703125 0.5234375 0.81640625 0.748046875
2 0.6767578125 0.73828125 0.03515625 0.03515625
0 0.4951171875 0.529296875 0.07421875 0.068359375
3 0.251953125 0.7109375 0.0390625 0.037109375
4 0.294921875 0.6669921875 0.12109375 0.08203125
4 0.26953125 0.478515625 0.099609375 0.08984375
4 0.412109375 0.302734375 0.0390625 0.080078125
4 0.6298828125 0.3330078125 0.09375 0.091796875