1 0.5029296875 0.494140625 0.787109375 0.76953125
4 0.4921875 0.26953125 0.05078125 0.0859375
0 0.4951171875 0.498046875 0.072265625 0.0703125
4 0.33984375 0.6708984375 0.04296875 0.080078125
4 0.74609375 0.4853515625 0.05078125 0.087890625
4 0.32421875 0.3359375 0.05078125 0.0859375
4 0.662109375 0.318359375 0.05078125 0.08203125
4 0.677734375 0.6572265625 0.04296875 0.083984375
4 0.2529296875 0.5078125 0.037109375 0.08203125
2 0.7138671875 0.69140625 0.033203125 0.03125
3 0.302890625 0.71873046875 0.05501953125 0.05451171875
5 0.29720703125 0.738203125 0.01169921875 0.01318359375