1 0.513671875 0.4912109375 0.796875 0.767578125
4 0.4921875 0.2705078125 0.05078125 0.087890625
0 0.4951171875 0.49609375 0.072265625 0.07421875
4 0.32421875 0.3349609375 0.05078125 0.083984375
4 0.677734375 0.6552734375 0.04296875 0.080078125
4 0.74609375 0.4853515625 0.05078125 0.087890625
4 0.662109375 0.318359375 0.05078125 0.08203125
4 0.33984375 0.671875 0.04296875 0.078125
4 0.2529296875 0.509765625 0.037109375 0.08203125
2 0.7138671875 0.69140625 0.033203125 0.03125
3 0.3015625 0.71845703125 0.0505859375 0.05447265625
5 0.3012890625 0.7450390625 0.0120703125 0.01361328125