1 0.517578125 0.4921875 0.79296875 0.765625
4 0.4921875 0.2705078125 0.05078125 0.087890625
0 0.49609375 0.49609375 0.07421875 0.07421875
4 0.322265625 0.3349609375 0.05078125 0.083984375
4 0.748046875 0.486328125 0.05078125 0.08984375
4 0.6796875 0.6552734375 0.04296875 0.080078125
4 0.662109375 0.318359375 0.05078125 0.08203125
4 0.2529296875 0.509765625 0.037109375 0.08203125
4 0.33984375 0.671875 0.04296875 0.078125
2 0.7138671875 0.6904296875 0.033203125 0.033203125
3 0.301953125 0.7192578125 0.05306640625 0.057578125
5 0.30111328125 0.7448828125 0.01349609375 0.01662109375