1 0.505859375 0.486328125 0.83984375 0.8359375
3 0.2509765625 0.70703125 0.052734375 0.0546875
2 0.7109375 0.734375 0.0390625 0.04296875
4 0.736328125 0.4775390625 0.10546875 0.095703125
0 0.498046875 0.4931640625 0.0703125 0.076171875
4 0.3955078125 0.2666015625 0.087890625 0.095703125
4 0.2626953125 0.443359375 0.103515625 0.09375
4 0.306640625 0.6513671875 0.04296875 0.087890625
4 0.6552734375 0.6826171875 0.099609375 0.099609375
4 0.62890625 0.2841796875 0.08984375 0.099609375
5 0.15673828125 0.55322265625 0.0302734375 0.01953125