1 0.517578125 0.4921875 0.79296875 0.765625
4 0.4921875 0.2705078125 0.05078125 0.087890625
0 0.494140625 0.49609375 0.0703125 0.07421875
4 0.6796875 0.6552734375 0.04296875 0.080078125
4 0.32421875 0.3349609375 0.05078125 0.083984375
4 0.74609375 0.4853515625 0.05078125 0.087890625
4 0.662109375 0.318359375 0.05078125 0.08203125
4 0.33984375 0.671875 0.04296875 0.08203125
4 0.25390625 0.509765625 0.03515625 0.08203125
2 0.7138671875 0.6904296875 0.033203125 0.033203125
3 0.3007421875 0.7199609375 0.05197265625 0.0572265625
3 0.30240234375 0.72115234375 0.000390625 0.00431640625
5 0.30208984375 0.7445703125 0.01267578125 0.01484375