1 0.50390625 0.494140625 0.77734375 0.76953125
4 0.4921875 0.26953125 0.05078125 0.0859375
0 0.494140625 0.498046875 0.0703125 0.0703125
4 0.677734375 0.6552734375 0.04296875 0.080078125
4 0.32421875 0.3349609375 0.05078125 0.083984375
4 0.341796875 0.6708984375 0.0390625 0.080078125
4 0.74609375 0.4853515625 0.05078125 0.087890625
4 0.662109375 0.3212890625 0.05078125 0.080078125
4 0.25390625 0.505859375 0.03515625 0.08203125
2 0.7138671875 0.69140625 0.033203125 0.03125
3 0.30294921875 0.71880859375 0.05501953125 0.05494140625
5 0.29775390625 0.73763671875 0.01328125 0.01693359375