4 0.412109375 0.302734375 0.0390625 0.080078125
0 0.49609375 0.529296875 0.07421875 0.06640625
5 0.4248046875 0.197265625 0.013671875 0.013671875
3 0.251953125 0.7109375 0.037109375 0.03515625
2 0.6767578125 0.73828125 0.037109375 0.0390625
4 0.2939453125 0.666015625 0.125 0.087890625
4 0.26953125 0.4775390625 0.1015625 0.091796875
4 0.630859375 0.3330078125 0.095703125 0.08984375
4 0.73046875 0.51171875 0.078125 0.08984375
4 0.6328125 0.685546875 0.078125 0.083984375
1 0.498046875 0.52734375 0.822265625 0.744140625