1 0.49609375 0.4912109375 0.84375 0.833984375
3 0.251953125 0.7099609375 0.05078125 0.056640625
4 0.736328125 0.4794921875 0.10546875 0.099609375
0 0.4970703125 0.494140625 0.072265625 0.08203125
4 0.263671875 0.4462890625 0.10546875 0.095703125
4 0.6298828125 0.2841796875 0.087890625 0.095703125
4 0.6552734375 0.68359375 0.099609375 0.1015625
4 0.3974609375 0.26953125 0.087890625 0.09375
4 0.306640625 0.65234375 0.04296875 0.0859375
2 0.7119140625 0.7353515625 0.037109375 0.041015625
5 0.1531640625 0.5560546875 0.017578125 0.017578125