2 0.6767578125 0.7392578125 0.0390625 0.037109375
4 0.294921875 0.6669921875 0.12109375 0.083984375
4 0.2705078125 0.478515625 0.1015625 0.091796875
4 0.412109375 0.302734375 0.041015625 0.08203125
4 0.630859375 0.333984375 0.09765625 0.091796875
5 0.4248046875 0.197265625 0.015625 0.013671875
4 0.73046875 0.5107421875 0.078125 0.087890625
4 0.6328125 0.685546875 0.078125 0.083984375
1 0.498046875 0.5244140625 0.81640625 0.75
0 0.4970703125 0.5302734375 0.07421875 0.06640625
3 0.2509765625 0.7109375 0.041015625 0.03515625