4 0.294921875 0.66796875 0.119140625 0.083984375
1 0.5 0.5263671875 0.8125 0.748046875
4 0.6328125 0.685546875 0.078125 0.0859375
4 0.73046875 0.51171875 0.078125 0.08984375
4 0.6298828125 0.3330078125 0.09375 0.08984375
4 0.412109375 0.3037109375 0.0390625 0.080078125
4 0.2705078125 0.478515625 0.09765625 0.087890625
2 0.6767578125 0.7392578125 0.037109375 0.0390625
3 0.251953125 0.7109375 0.037109375 0.03515625
5 0.4248046875 0.197265625 0.01171875 0.015625
0 0.49609375 0.529296875 0.072265625 0.06640625