3 0.251953125 0.7109375 0.037109375 0.033203125
0 0.49609375 0.529296875 0.072265625 0.06640625
4 0.6328125 0.685546875 0.078125 0.087890625
4 0.73046875 0.51171875 0.078125 0.08984375
4 0.6298828125 0.3330078125 0.095703125 0.091796875
4 0.412109375 0.302734375 0.04296875 0.080078125
4 0.2705078125 0.4765625 0.1015625 0.09375
4 0.294921875 0.666015625 0.12109375 0.0859375
2 0.6767578125 0.73828125 0.037109375 0.037109375
1 0.4970703125 0.5244140625 0.814453125 0.744140625
5 0.4248046875 0.197265625 0.01171875 0.013671875