5 0.42578125 0.201171875 0.015625 0.025390625
0 0.4970703125 0.5302734375 0.072265625 0.068359375
3 0.251953125 0.712890625 0.041015625 0.03515625
2 0.6767578125 0.73828125 0.037109375 0.037109375
4 0.294921875 0.6669921875 0.123046875 0.0859375
4 0.2705078125 0.478515625 0.1015625 0.08984375
4 0.412109375 0.3017578125 0.041015625 0.080078125
4 0.6298828125 0.333984375 0.09375 0.09375
4 0.73046875 0.5107421875 0.078125 0.08984375
4 0.6337890625 0.6865234375 0.076171875 0.083984375
1 0.498046875 0.525390625 0.8203125 0.748046875