5 0.4267578125 0.2001953125 0.015625 0.01953125
3 0.251953125 0.712890625 0.037109375 0.037109375
2 0.677734375 0.73828125 0.0390625 0.037109375
1 0.4970703125 0.5234375 0.818359375 0.751953125
4 0.2958984375 0.6669921875 0.12109375 0.08984375
4 0.2705078125 0.478515625 0.1015625 0.091796875
4 0.4140625 0.302734375 0.041015625 0.08203125
4 0.630859375 0.333984375 0.09375 0.091796875
4 0.73046875 0.51171875 0.080078125 0.091796875
0 0.49609375 0.529296875 0.072265625 0.064453125
4 0.6328125 0.685546875 0.080078125 0.08203125