4 0.6298828125 0.3330078125 0.095703125 0.09375
1 0.4970703125 0.5244140625 0.818359375 0.751953125
0 0.49609375 0.529296875 0.072265625 0.06640625
5 0.4248046875 0.1982421875 0.015625 0.01953125
3 0.2509765625 0.7109375 0.037109375 0.033203125
2 0.6767578125 0.73828125 0.03515625 0.037109375
4 0.2939453125 0.6669921875 0.12109375 0.0859375
4 0.2705078125 0.478515625 0.1015625 0.08984375
4 0.412109375 0.3037109375 0.041015625 0.080078125
4 0.7294921875 0.51171875 0.080078125 0.08984375
4 0.6328125 0.6865234375 0.078125 0.0859375