5 0.4248046875 0.2001953125 0.017578125 0.025390625
0 0.4970703125 0.5302734375 0.072265625 0.06640625
3 0.2509765625 0.7109375 0.037109375 0.037109375
2 0.6767578125 0.73828125 0.037109375 0.041015625
1 0.498046875 0.5244140625 0.818359375 0.751953125
4 0.294921875 0.666015625 0.123046875 0.087890625
4 0.2705078125 0.478515625 0.103515625 0.09375
4 0.4130859375 0.302734375 0.041015625 0.080078125
4 0.6318359375 0.3330078125 0.095703125 0.09375
4 0.73046875 0.5107421875 0.080078125 0.08984375
4 0.6337890625 0.6845703125 0.078125 0.083984375