4 0.26953125 0.478515625 0.1015625 0.08984375
4 0.4130859375 0.3017578125 0.04296875 0.080078125
4 0.62890625 0.33203125 0.095703125 0.09375
4 0.73046875 0.5107421875 0.080078125 0.08984375
4 0.6337890625 0.685546875 0.078125 0.0859375
5 0.4248046875 0.19921875 0.013671875 0.017578125
0 0.4951171875 0.5322265625 0.0703125 0.0625
2 0.6787109375 0.740234375 0.037109375 0.04296875
3 0.2509765625 0.712890625 0.0390625 0.037109375
1 0.5 0.5234375 0.818359375 0.755859375
4 0.294921875 0.6650390625 0.123046875 0.08984375