1 0.5146484375 0.4912109375 0.794921875 0.767578125
4 0.4921875 0.2705078125 0.05078125 0.087890625
0 0.494140625 0.494140625 0.0703125 0.0703125
4 0.6796875 0.6552734375 0.04296875 0.080078125
4 0.32421875 0.3349609375 0.05078125 0.083984375
4 0.74609375 0.4873046875 0.05078125 0.087890625
4 0.662109375 0.318359375 0.05078125 0.08203125
4 0.33984375 0.6708984375 0.04296875 0.080078125
4 0.2529296875 0.509765625 0.037109375 0.08203125
2 0.7138671875 0.6904296875 0.033203125 0.033203125
3 0.30111328125 0.72048828125 0.05140625 0.05875
5 0.30236328125 0.74435546875 0.0125390625 0.01400390625