4 0.4130859375 0.3037109375 0.041015625 0.0859375
4 0.630859375 0.3349609375 0.09375 0.091796875
4 0.73046875 0.5126953125 0.08203125 0.08984375
3 0.2509765625 0.7119140625 0.03515625 0.03125
5 0.4267578125 0.2001953125 0.015625 0.0234375
1 0.498046875 0.525390625 0.8203125 0.751953125
0 0.49609375 0.5341796875 0.078125 0.068359375
4 0.6337890625 0.6865234375 0.080078125 0.0859375
2 0.6767578125 0.740234375 0.03515625 0.0390625
4 0.2958984375 0.6650390625 0.125 0.09375
4 0.2705078125 0.478515625 0.1015625 0.095703125