1 0.517578125 0.4921875 0.79296875 0.76171875
4 0.4921875 0.2705078125 0.05078125 0.087890625
0 0.4951171875 0.498046875 0.072265625 0.0703125
4 0.744140625 0.4853515625 0.05078125 0.087890625
4 0.32421875 0.3349609375 0.05078125 0.083984375
4 0.67578125 0.6552734375 0.04296875 0.080078125
4 0.33984375 0.671875 0.04296875 0.078125
4 0.6630859375 0.318359375 0.048828125 0.08203125
4 0.2529296875 0.509765625 0.037109375 0.08203125
2 0.7138671875 0.6904296875 0.033203125 0.033203125
3 0.3016015625 0.71904296875 0.0541015625 0.05453125
5 0.300703125 0.74076171875 0.01529296875 0.014453125