1 0.517578125 0.4873046875 0.7890625 0.755859375
4 0.4921875 0.2705078125 0.05078125 0.087890625
4 0.677734375 0.6572265625 0.04296875 0.080078125
0 0.49609375 0.49609375 0.07421875 0.07421875
4 0.32421875 0.3349609375 0.05078125 0.083984375
4 0.74609375 0.4873046875 0.05078125 0.087890625
4 0.662109375 0.318359375 0.05078125 0.08203125
4 0.2529296875 0.509765625 0.037109375 0.08203125
4 0.33984375 0.6708984375 0.04296875 0.080078125
2 0.7138671875 0.6904296875 0.033203125 0.033203125
3 0.30158203125 0.71955078125 0.0528125 0.05603515625
5 0.3016796875 0.744453125 0.01341796875 0.01462890625