5 0.4248046875 0.19921875 0.015625 0.0234375
3 0.251953125 0.7109375 0.037109375 0.03515625
2 0.6767578125 0.73828125 0.037109375 0.037109375
4 0.294921875 0.66796875 0.123046875 0.0859375
4 0.2705078125 0.4775390625 0.099609375 0.091796875
4 0.4130859375 0.3037109375 0.041015625 0.08203125
4 0.630859375 0.3330078125 0.095703125 0.091796875
4 0.73046875 0.5107421875 0.078125 0.087890625
4 0.6337890625 0.6845703125 0.078125 0.083984375
1 0.5 0.5263671875 0.81640625 0.74609375
0 0.4970703125 0.5302734375 0.072265625 0.068359375