4 0.294921875 0.6669921875 0.12109375 0.083984375
4 0.73046875 0.51171875 0.076171875 0.08984375
4 0.6298828125 0.3330078125 0.09375 0.08984375
4 0.412109375 0.302734375 0.041015625 0.080078125
4 0.26953125 0.478515625 0.099609375 0.0859375
4 0.6318359375 0.6845703125 0.076171875 0.0859375
2 0.67578125 0.73828125 0.037109375 0.037109375
3 0.251953125 0.7119140625 0.037109375 0.03515625
5 0.4248046875 0.1982421875 0.01171875 0.013671875
0 0.49609375 0.529296875 0.07421875 0.06640625
1 0.5 0.525390625 0.818359375 0.748046875