1 0.4990234375 0.52734375 0.81640625 0.748046875
4 0.6328125 0.6865234375 0.078125 0.0859375
4 0.728515625 0.5107421875 0.078125 0.08984375
4 0.6318359375 0.3349609375 0.095703125 0.091796875
4 0.4140625 0.3046875 0.0390625 0.080078125
4 0.271484375 0.48046875 0.10546875 0.091796875
4 0.2939453125 0.6669921875 0.12109375 0.0859375
2 0.677734375 0.7392578125 0.037109375 0.041015625
3 0.2529296875 0.7119140625 0.0390625 0.03125
5 0.4267578125 0.1962890625 0.017578125 0.021484375
0 0.49609375 0.53125 0.0703125 0.0625