1 0.517578125 0.4873046875 0.7890625 0.755859375
4 0.4912109375 0.26953125 0.048828125 0.0859375
0 0.4951171875 0.49609375 0.072265625 0.0703125
4 0.32421875 0.3349609375 0.05078125 0.083984375
4 0.6796875 0.6552734375 0.04296875 0.080078125
4 0.74609375 0.4853515625 0.05078125 0.087890625
4 0.662109375 0.318359375 0.05078125 0.08203125
4 0.33984375 0.6708984375 0.04296875 0.080078125
4 0.2529296875 0.509765625 0.037109375 0.08203125
2 0.7138671875 0.69140625 0.033203125 0.03125
3 0.30169921875 0.71896484375 0.052109375 0.05546875
5 0.30376953125 0.74478515625 0.01451171875 0.0129296875