1 0.494140625 0.49609375 0.78125 0.76953125
4 0.4931640625 0.2734375 0.048828125 0.0859375
4 0.677734375 0.65625 0.04296875 0.08203125
4 0.6650390625 0.318359375 0.048828125 0.08203125
4 0.3251953125 0.3359375 0.048828125 0.08203125
4 0.748046875 0.4853515625 0.046875 0.087890625
0 0.5009765625 0.490234375 0.072265625 0.0625
2 0.7138671875 0.6904296875 0.033203125 0.033203125
4 0.3427734375 0.671875 0.048828125 0.078125
4 0.2529296875 0.505859375 0.041015625 0.08203125
3 0.30091796875 0.7189453125 0.0523046875 0.0562890625
5 0.302265625 0.7449609375 0.01306640625 0.012890625