4 0.4130859375 0.3037109375 0.041015625 0.080078125
0 0.49609375 0.5302734375 0.0703125 0.0625
5 0.42578125 0.19921875 0.01171875 0.013671875
3 0.251953125 0.7109375 0.0390625 0.03515625
2 0.6767578125 0.7392578125 0.037109375 0.037109375
4 0.294921875 0.666015625 0.12109375 0.083984375
4 0.2705078125 0.4775390625 0.099609375 0.091796875
4 0.630859375 0.3330078125 0.09375 0.091796875
4 0.73046875 0.5107421875 0.076171875 0.087890625
4 0.6337890625 0.685546875 0.076171875 0.0859375
1 0.5 0.5263671875 0.8203125 0.75