1 0.498046875 0.5244140625 0.82421875 0.748046875
0 0.4970703125 0.529296875 0.07421875 0.068359375
5 0.4248046875 0.197265625 0.015625 0.013671875
3 0.2509765625 0.7119140625 0.0390625 0.03515625
2 0.6767578125 0.73828125 0.037109375 0.037109375
4 0.294921875 0.6669921875 0.12109375 0.083984375
4 0.2705078125 0.478515625 0.099609375 0.087890625
4 0.412109375 0.302734375 0.0390625 0.080078125
4 0.630859375 0.333984375 0.095703125 0.091796875
4 0.73046875 0.51171875 0.078125 0.087890625
4 0.6328125 0.685546875 0.076171875 0.083984375