1 0.5029296875 0.49609375 0.779296875 0.76953125
4 0.4921875 0.26953125 0.05078125 0.0859375
0 0.49609375 0.49609375 0.07421875 0.07421875
4 0.33984375 0.6708984375 0.04296875 0.080078125
4 0.3251953125 0.3359375 0.048828125 0.0859375
4 0.677734375 0.6552734375 0.04296875 0.080078125
4 0.74609375 0.4853515625 0.05078125 0.087890625
4 0.662109375 0.318359375 0.05078125 0.08203125
4 0.25390625 0.505859375 0.03515625 0.08203125
2 0.7138671875 0.69140625 0.033203125 0.03125
3 0.3027734375 0.71873046875 0.05548828125 0.0549609375
5 0.29576171875 0.73927734375 0.00982421875 0.0101171875