2 0.6767578125 0.73828125 0.0390625 0.04296875
1 0.4970703125 0.5263671875 0.814453125 0.75
4 0.29296875 0.6650390625 0.125 0.087890625
4 0.271484375 0.4794921875 0.1015625 0.091796875
4 0.412109375 0.302734375 0.04296875 0.080078125
5 0.42578125 0.197265625 0.015625 0.021484375
4 0.630859375 0.33203125 0.09765625 0.091796875
4 0.7294921875 0.51171875 0.076171875 0.091796875
4 0.6318359375 0.6875 0.08203125 0.08984375
0 0.49609375 0.5322265625 0.072265625 0.068359375
3 0.2509765625 0.708984375 0.0390625 0.033203125