4 0.26953125 0.4775390625 0.103515625 0.091796875
0 0.4951171875 0.53125 0.07421875 0.0703125
5 0.42578125 0.203125 0.01953125 0.03125
3 0.2509765625 0.7109375 0.03515625 0.033203125
2 0.677734375 0.7392578125 0.037109375 0.0390625
1 0.49609375 0.5234375 0.826171875 0.7578125
4 0.2939453125 0.6650390625 0.123046875 0.083984375
4 0.4130859375 0.3037109375 0.044921875 0.08203125
4 0.630859375 0.333984375 0.09765625 0.091796875
4 0.7294921875 0.509765625 0.080078125 0.08984375
4 0.6318359375 0.68359375 0.08203125 0.083984375