1 0.515625 0.4892578125 0.79296875 0.755859375
4 0.4921875 0.26953125 0.05078125 0.0859375
0 0.4951171875 0.49609375 0.072265625 0.07421875
4 0.32421875 0.3349609375 0.05078125 0.083984375
4 0.74609375 0.4853515625 0.05078125 0.087890625
4 0.662109375 0.318359375 0.05078125 0.08203125
4 0.6796875 0.6552734375 0.04296875 0.080078125
4 0.341796875 0.671875 0.0390625 0.078125
4 0.25390625 0.509765625 0.03515625 0.08203125
2 0.7138671875 0.69140625 0.033203125 0.03125
3 0.301171875 0.7198046875 0.05216796875 0.05611328125
5 0.3026953125 0.7437890625 0.0145703125 0.01578125