1 0.50390625 0.49609375 0.7734375 0.76953125
4 0.4912109375 0.26953125 0.048828125 0.0859375
0 0.49609375 0.49609375 0.0703125 0.0703125
4 0.3251953125 0.3349609375 0.048828125 0.083984375
4 0.677734375 0.6552734375 0.04296875 0.080078125
4 0.341796875 0.6708984375 0.0390625 0.080078125
4 0.74609375 0.4853515625 0.05078125 0.087890625
4 0.662109375 0.3212890625 0.05078125 0.080078125
4 0.25390625 0.5087890625 0.03515625 0.080078125
2 0.7138671875 0.69140625 0.033203125 0.03125
3 0.30271484375 0.71888671875 0.0569140625 0.0560546875
5 0.2967578125 0.73884765625 0.01103515625 0.01240234375