1 0.4951171875 0.48828125 0.845703125 0.8359375
3 0.2509765625 0.7080078125 0.052734375 0.056640625
4 0.736328125 0.4775390625 0.10546875 0.095703125
2 0.7109375 0.734375 0.0390625 0.04296875
4 0.3955078125 0.2685546875 0.087890625 0.099609375
4 0.26171875 0.4453125 0.10546875 0.09375
4 0.306640625 0.6513671875 0.04296875 0.087890625
4 0.6533203125 0.6787109375 0.103515625 0.099609375
0 0.498046875 0.4931640625 0.0703125 0.076171875
4 0.62890625 0.28125 0.08984375 0.09765625
5 0.1541796875 0.5639453125 0.03103515625 0.020546875