4 0.6337890625 0.6865234375 0.076171875 0.087890625
2 0.677734375 0.7392578125 0.037109375 0.037109375
4 0.294921875 0.6669921875 0.12109375 0.087890625
4 0.2705078125 0.478515625 0.099609375 0.08984375
4 0.412109375 0.3037109375 0.0390625 0.080078125
4 0.6318359375 0.3330078125 0.095703125 0.091796875
4 0.73046875 0.51171875 0.078125 0.08984375
1 0.498046875 0.525390625 0.814453125 0.75
0 0.4970703125 0.529296875 0.072265625 0.06640625
5 0.4267578125 0.197265625 0.015625 0.015625
3 0.251953125 0.7119140625 0.0390625 0.03515625