1 0.4970703125 0.5263671875 0.8125 0.748046875
4 0.6328125 0.6845703125 0.078125 0.08203125
4 0.7294921875 0.509765625 0.080078125 0.087890625
4 0.6298828125 0.3330078125 0.095703125 0.08984375
4 0.412109375 0.302734375 0.044921875 0.080078125
4 0.2705078125 0.4775390625 0.1015625 0.087890625
4 0.2958984375 0.666015625 0.123046875 0.087890625
2 0.6767578125 0.73828125 0.037109375 0.037109375
3 0.251953125 0.7119140625 0.0390625 0.03515625
5 0.423828125 0.1962890625 0.01171875 0.015625
0 0.49609375 0.5283203125 0.07421875 0.064453125