1 0.513671875 0.4892578125 0.796875 0.759765625
4 0.4921875 0.2734375 0.05078125 0.0859375
0 0.4951171875 0.49609375 0.072265625 0.07421875
4 0.677734375 0.6552734375 0.04296875 0.080078125
4 0.32421875 0.3349609375 0.05078125 0.083984375
4 0.74609375 0.4873046875 0.05078125 0.087890625
4 0.6630859375 0.318359375 0.048828125 0.08203125
4 0.337890625 0.6708984375 0.04296875 0.080078125
4 0.2529296875 0.509765625 0.037109375 0.08203125
2 0.7138671875 0.6904296875 0.033203125 0.033203125
3 0.3007421875 0.71970703125 0.04921875 0.05720703125
5 0.3020703125 0.74294921875 0.01341796875 0.01275390625