5 0.42578125 0.2021484375 0.013671875 0.021484375
3 0.251953125 0.7109375 0.037109375 0.03515625
2 0.6767578125 0.7392578125 0.037109375 0.0390625
4 0.2939453125 0.6669921875 0.12109375 0.0859375
4 0.2705078125 0.4775390625 0.09765625 0.08984375
4 0.412109375 0.302734375 0.041015625 0.08203125
4 0.630859375 0.333984375 0.09375 0.091796875
4 0.73046875 0.5107421875 0.078125 0.087890625
4 0.6328125 0.685546875 0.076171875 0.0859375
1 0.4990234375 0.525390625 0.8203125 0.75
0 0.49609375 0.5302734375 0.07421875 0.064453125