3 0.2509765625 0.70703125 0.052734375 0.0546875
1 0.4951171875 0.4892578125 0.845703125 0.837890625
2 0.7109375 0.734375 0.0390625 0.04296875
4 0.736328125 0.478515625 0.10546875 0.09765625
4 0.2626953125 0.443359375 0.103515625 0.09375
4 0.3955078125 0.2685546875 0.087890625 0.099609375
4 0.306640625 0.6513671875 0.04296875 0.087890625
0 0.49609375 0.4912109375 0.07421875 0.080078125
4 0.6533203125 0.6806640625 0.103515625 0.099609375
4 0.6279296875 0.283203125 0.087890625 0.09375
5 0.14966796875 0.5601953125 0.01953125 0.017578125