1 0.515625 0.48828125 0.79296875 0.7578125
4 0.4912109375 0.26953125 0.048828125 0.0859375
0 0.494140625 0.49609375 0.0703125 0.07421875
4 0.32421875 0.3349609375 0.05078125 0.083984375
4 0.6796875 0.6552734375 0.04296875 0.080078125
4 0.74609375 0.4853515625 0.05078125 0.087890625
4 0.662109375 0.318359375 0.05078125 0.08203125
4 0.341796875 0.671875 0.0390625 0.078125
4 0.25390625 0.509765625 0.03515625 0.08203125
2 0.7138671875 0.69140625 0.033203125 0.03125
5 0.3015234375 0.74548828125 0.0126171875 0.0156640625
3 0.30166015625 0.71771484375 0.05322265625 0.05435546875