5 0.4267578125 0.19921875 0.013671875 0.017578125
3 0.251953125 0.712890625 0.0390625 0.03515625
2 0.677734375 0.7392578125 0.037109375 0.037109375
4 0.2958984375 0.6669921875 0.12109375 0.0859375
4 0.271484375 0.478515625 0.099609375 0.08984375
4 0.4130859375 0.302734375 0.04296875 0.080078125
4 0.630859375 0.3330078125 0.09375 0.08984375
4 0.73046875 0.5107421875 0.078125 0.087890625
4 0.6328125 0.685546875 0.07421875 0.083984375
0 0.4970703125 0.5302734375 0.072265625 0.064453125
1 0.498046875 0.5263671875 0.8203125 0.75