4 0.2705078125 0.478515625 0.09765625 0.087890625
4 0.6328125 0.6865234375 0.078125 0.083984375
4 0.73046875 0.5107421875 0.078125 0.087890625
4 0.630859375 0.333984375 0.095703125 0.091796875
4 0.412109375 0.3017578125 0.0390625 0.078125
1 0.5 0.525390625 0.818359375 0.75
4 0.2939453125 0.6669921875 0.123046875 0.083984375
2 0.6767578125 0.73828125 0.037109375 0.037109375
3 0.2509765625 0.7119140625 0.037109375 0.03515625
5 0.4248046875 0.197265625 0.013671875 0.013671875
0 0.49609375 0.5283203125 0.072265625 0.06640625