1 0.50390625 0.494140625 0.78125 0.76953125
4 0.4921875 0.26953125 0.05078125 0.0859375
0 0.494140625 0.49609375 0.0703125 0.07421875
4 0.67578125 0.6552734375 0.04296875 0.080078125
4 0.33984375 0.6708984375 0.04296875 0.080078125
4 0.32421875 0.3349609375 0.05078125 0.083984375
4 0.74609375 0.4853515625 0.05078125 0.087890625
4 0.662109375 0.318359375 0.05078125 0.08203125
4 0.25390625 0.505859375 0.03515625 0.08203125
2 0.7138671875 0.69140625 0.033203125 0.03125
3 0.30177734375 0.71849609375 0.0529296875 0.05326171875
5 0.29615234375 0.7390625 0.01255859375 0.0143359375