1 0.494140625 0.4892578125 0.84765625 0.837890625
3 0.2509765625 0.70703125 0.052734375 0.0546875
2 0.7099609375 0.734375 0.041015625 0.04296875
0 0.4970703125 0.4931640625 0.072265625 0.076171875
4 0.26171875 0.4453125 0.10546875 0.09375
4 0.7353515625 0.4775390625 0.103515625 0.099609375
4 0.3984375 0.2685546875 0.08984375 0.099609375
4 0.6552734375 0.6826171875 0.099609375 0.099609375
4 0.306640625 0.650390625 0.04296875 0.08984375
4 0.6279296875 0.28125 0.091796875 0.09765625
5 0.150390625 0.56326171875 0.01953125 0.01953125