1 0.49609375 0.4921875 0.84375 0.83203125
3 0.251953125 0.7099609375 0.05078125 0.056640625
0 0.4970703125 0.49609375 0.072265625 0.08203125
4 0.736328125 0.4794921875 0.10546875 0.099609375
4 0.263671875 0.4462890625 0.10546875 0.095703125
4 0.6572265625 0.68359375 0.099609375 0.1015625
4 0.6298828125 0.2841796875 0.087890625 0.095703125
4 0.3974609375 0.26953125 0.087890625 0.09375
4 0.30859375 0.654296875 0.04296875 0.08984375
2 0.7119140625 0.7353515625 0.037109375 0.041015625
5 0.16138671875 0.55833984375 0.01953125 0.015625