1 0.517578125 0.4931640625 0.7890625 0.763671875
4 0.4931640625 0.2705078125 0.048828125 0.087890625
0 0.498046875 0.49609375 0.07421875 0.07421875
4 0.6796875 0.6552734375 0.04296875 0.080078125
4 0.74609375 0.4853515625 0.05078125 0.087890625
4 0.32421875 0.3349609375 0.05078125 0.083984375
4 0.662109375 0.318359375 0.05078125 0.08203125
4 0.2529296875 0.509765625 0.037109375 0.0859375
4 0.341796875 0.6708984375 0.0390625 0.080078125
2 0.7138671875 0.6904296875 0.033203125 0.033203125
3 0.30123046875 0.71953125 0.05357421875 0.05681640625
5 0.30255859375 0.743125 0.01634765625 0.01431640625