5 0.4248046875 0.1962890625 0.01171875 0.01171875
3 0.251953125 0.7119140625 0.037109375 0.033203125
2 0.6767578125 0.73828125 0.037109375 0.037109375
4 0.2958984375 0.6669921875 0.12109375 0.0859375
4 0.2705078125 0.478515625 0.099609375 0.087890625
4 0.4130859375 0.302734375 0.041015625 0.080078125
4 0.630859375 0.3330078125 0.09375 0.091796875
4 0.73046875 0.51171875 0.078125 0.087890625
4 0.6337890625 0.685546875 0.078125 0.083984375
1 0.498046875 0.525390625 0.814453125 0.74609375
0 0.4970703125 0.529296875 0.07421875 0.06640625