4 0.271484375 0.478515625 0.1015625 0.091796875
0 0.49609375 0.53125 0.064453125 0.0625
5 0.42578125 0.2001953125 0.015625 0.0234375
3 0.2509765625 0.7109375 0.0390625 0.033203125
2 0.67578125 0.740234375 0.0390625 0.04296875
1 0.498046875 0.5224609375 0.814453125 0.748046875
4 0.294921875 0.666015625 0.126953125 0.087890625
4 0.412109375 0.302734375 0.0390625 0.083984375
4 0.630859375 0.330078125 0.095703125 0.095703125
4 0.7294921875 0.509765625 0.080078125 0.091796875
4 0.6337890625 0.6865234375 0.080078125 0.08984375