4 0.4921875 0.2705078125 0.05078125 0.087890625
0 0.4951171875 0.49609375 0.072265625 0.07421875
4 0.677734375 0.6552734375 0.04296875 0.080078125
4 0.32421875 0.3349609375 0.05078125 0.083984375
4 0.74609375 0.4853515625 0.05078125 0.087890625
4 0.337890625 0.671875 0.04296875 0.08203125
4 0.6630859375 0.318359375 0.052734375 0.08203125
4 0.2529296875 0.509765625 0.037109375 0.08203125
2 0.7138671875 0.69140625 0.033203125 0.03125
3 0.301171875 0.719609375 0.0504296875 0.05427734375
1 0.50390625 0.4912109375 0.796875 0.767578125
5 0.30146484375 0.743515625 0.0145703125 0.0181640625