4 0.2724609375 0.4775390625 0.099609375 0.087890625
0 0.4951171875 0.53125 0.072265625 0.0625
5 0.42578125 0.2001953125 0.015625 0.0234375
3 0.251953125 0.7109375 0.0390625 0.03515625
2 0.67578125 0.73828125 0.037109375 0.0390625
1 0.5 0.525390625 0.826171875 0.748046875
4 0.294921875 0.6650390625 0.123046875 0.087890625
4 0.412109375 0.3017578125 0.041015625 0.08203125
4 0.630859375 0.3330078125 0.09375 0.08984375
4 0.73046875 0.509765625 0.080078125 0.08984375
4 0.6328125 0.6845703125 0.076171875 0.087890625