5 0.4248046875 0.197265625 0.013671875 0.015625
3 0.251953125 0.7119140625 0.0390625 0.03515625
2 0.6767578125 0.7392578125 0.037109375 0.037109375
4 0.2939453125 0.6669921875 0.12109375 0.083984375
4 0.26953125 0.478515625 0.099609375 0.087890625
4 0.412109375 0.3037109375 0.041015625 0.078125
4 0.630859375 0.333984375 0.095703125 0.091796875
4 0.7294921875 0.51171875 0.076171875 0.087890625
4 0.6328125 0.6865234375 0.07421875 0.083984375
1 0.4970703125 0.5244140625 0.81640625 0.748046875
0 0.49609375 0.529296875 0.07421875 0.06640625