1 0.5029296875 0.494140625 0.779296875 0.76953125
4 0.4921875 0.26953125 0.05078125 0.0859375
0 0.494140625 0.49609375 0.0703125 0.07421875
4 0.3251953125 0.3349609375 0.048828125 0.083984375
4 0.6796875 0.6552734375 0.04296875 0.080078125
4 0.74609375 0.4853515625 0.05078125 0.087890625
4 0.341796875 0.6708984375 0.0390625 0.080078125
4 0.662109375 0.318359375 0.05078125 0.08203125
4 0.25390625 0.505859375 0.03515625 0.08203125
2 0.7138671875 0.69140625 0.033203125 0.03125
3 0.30419921875 0.71892578125 0.0559765625 0.056640625
5 0.2957421875 0.73826171875 0.01091796875 0.0112109375