1 0.517578125 0.4892578125 0.79296875 0.755859375
4 0.4921875 0.26953125 0.05078125 0.0859375
0 0.4951171875 0.498046875 0.072265625 0.0703125
4 0.3251953125 0.3349609375 0.048828125 0.083984375
4 0.74609375 0.4853515625 0.05078125 0.087890625
4 0.662109375 0.318359375 0.05078125 0.08203125
4 0.6796875 0.6552734375 0.04296875 0.080078125
4 0.341796875 0.671875 0.0390625 0.078125
4 0.25390625 0.509765625 0.03515625 0.08203125
2 0.7138671875 0.69140625 0.033203125 0.03125
3 0.30087890625 0.718515625 0.05291015625 0.05595703125
5 0.30173828125 0.7446484375 0.01412109375 0.01701171875