5 0.42578125 0.19921875 0.013671875 0.017578125
3 0.251953125 0.7109375 0.0390625 0.03515625
2 0.677734375 0.73828125 0.03515625 0.037109375
4 0.2958984375 0.666015625 0.12109375 0.0859375
4 0.2705078125 0.478515625 0.099609375 0.08984375
4 0.412109375 0.3037109375 0.041015625 0.083984375
4 0.630859375 0.3330078125 0.095703125 0.08984375
4 0.7314453125 0.5126953125 0.080078125 0.08984375
4 0.634765625 0.6845703125 0.078125 0.08203125
1 0.4970703125 0.5244140625 0.810546875 0.751953125
0 0.4951171875 0.5283203125 0.072265625 0.0625