1 0.494140625 0.4921875 0.84765625 0.8359375
3 0.251953125 0.70703125 0.05078125 0.0546875
4 0.7353515625 0.478515625 0.103515625 0.09765625
4 0.26171875 0.4453125 0.10546875 0.09375
2 0.7099609375 0.734375 0.041015625 0.04296875
4 0.306640625 0.650390625 0.04296875 0.08984375
4 0.3984375 0.2685546875 0.08984375 0.099609375
0 0.4970703125 0.4951171875 0.072265625 0.080078125
4 0.6298828125 0.28515625 0.087890625 0.09765625
4 0.6552734375 0.6826171875 0.099609375 0.099609375
5 0.1696484375 0.55501953125 0.021484375 0.01953125