3 0.251953125 0.70703125 0.05078125 0.0546875
1 0.494140625 0.4921875 0.84765625 0.83984375
2 0.7099609375 0.734375 0.041015625 0.04296875
4 0.7353515625 0.478515625 0.103515625 0.09765625
4 0.2626953125 0.443359375 0.103515625 0.09375
0 0.4990234375 0.4931640625 0.068359375 0.076171875
4 0.3955078125 0.2685546875 0.087890625 0.099609375
4 0.306640625 0.6513671875 0.04296875 0.087890625
4 0.6533203125 0.6826171875 0.103515625 0.099609375
4 0.6279296875 0.28125 0.091796875 0.09765625
5 0.14759765625 0.55419921875 0.017578125 0.015625