2 0.6767578125 0.73828125 0.03515625 0.03515625
3 0.2509765625 0.7109375 0.037109375 0.03515625
4 0.294921875 0.6669921875 0.123046875 0.0859375
4 0.2705078125 0.478515625 0.099609375 0.08984375
4 0.412109375 0.302734375 0.04296875 0.080078125
0 0.49609375 0.529296875 0.072265625 0.06640625
5 0.423828125 0.1953125 0.013671875 0.015625
4 0.630859375 0.3330078125 0.09375 0.091796875
4 0.73046875 0.51171875 0.078125 0.087890625
4 0.6328125 0.685546875 0.076171875 0.083984375
1 0.5 0.525390625 0.81640625 0.75