4 0.412109375 0.302734375 0.041015625 0.08203125
0 0.4970703125 0.529296875 0.072265625 0.06640625
5 0.423828125 0.1962890625 0.013671875 0.017578125
3 0.2509765625 0.7099609375 0.037109375 0.029296875
2 0.6767578125 0.7392578125 0.03515625 0.037109375
4 0.294921875 0.666015625 0.12109375 0.083984375
4 0.26953125 0.4775390625 0.099609375 0.08984375
4 0.630859375 0.33203125 0.095703125 0.08984375
4 0.73046875 0.5107421875 0.078125 0.0859375
4 0.6337890625 0.6865234375 0.076171875 0.083984375
1 0.498046875 0.5234375 0.8125 0.748046875