1 0.49609375 0.4921875 0.84375 0.8359375
3 0.251953125 0.7080078125 0.05078125 0.056640625
4 0.736328125 0.478515625 0.10546875 0.09765625
0 0.4990234375 0.4931640625 0.068359375 0.076171875
4 0.263671875 0.4453125 0.10546875 0.09375
4 0.3974609375 0.2685546875 0.087890625 0.099609375
4 0.306640625 0.650390625 0.04296875 0.08984375
4 0.65625 0.6826171875 0.1015625 0.099609375
2 0.7119140625 0.734375 0.037109375 0.04296875
4 0.6298828125 0.28515625 0.087890625 0.09765625
5 0.1708203125 0.5509765625 0.0234375 0.017578125