2 0.6767578125 0.7392578125 0.03515625 0.037109375
0 0.49609375 0.5283203125 0.07421875 0.064453125
4 0.294921875 0.666015625 0.12109375 0.083984375
4 0.26953125 0.4775390625 0.09765625 0.0859375
4 0.412109375 0.302734375 0.041015625 0.080078125
4 0.630859375 0.33203125 0.09375 0.091796875
4 0.73046875 0.51171875 0.080078125 0.087890625
4 0.6337890625 0.6865234375 0.080078125 0.0859375
1 0.4970703125 0.5234375 0.818359375 0.748046875
3 0.251953125 0.7099609375 0.037109375 0.03515625
5 0.4248046875 0.197265625 0.013671875 0.017578125