4 0.4921875 0.26953125 0.05078125 0.0859375
0 0.4951171875 0.49609375 0.072265625 0.07421875
4 0.32421875 0.3349609375 0.05078125 0.083984375
4 0.677734375 0.6552734375 0.04296875 0.080078125
4 0.341796875 0.6708984375 0.0390625 0.080078125
4 0.74609375 0.4853515625 0.05078125 0.087890625
4 0.662109375 0.318359375 0.05078125 0.08203125
4 0.25390625 0.5078125 0.03515625 0.08203125
2 0.7138671875 0.69140625 0.033203125 0.03125
3 0.30244140625 0.719140625 0.05560546875 0.053828125
5 0.29662109375 0.73876953125 0.01037109375 0.0123828125
1 0.50390625 0.49609375 0.78125 0.76953125