1 0.517578125 0.494140625 0.7890625 0.765625
4 0.4921875 0.26953125 0.05078125 0.0859375
0 0.49609375 0.494140625 0.07421875 0.0703125
4 0.3251953125 0.3349609375 0.048828125 0.083984375
4 0.74609375 0.4853515625 0.05078125 0.087890625
4 0.677734375 0.6552734375 0.04296875 0.080078125
4 0.33984375 0.671875 0.04296875 0.08203125
4 0.662109375 0.318359375 0.05078125 0.08203125
4 0.25390625 0.5078125 0.03515625 0.08203125
2 0.7138671875 0.6904296875 0.033203125 0.033203125
3 0.303984375 0.71880859375 0.05759765625 0.05560546875
5 0.2973828125 0.7389453125 0.01072265625 0.01181640625