5 0.4248046875 0.197265625 0.013671875 0.015625
3 0.251953125 0.7119140625 0.0390625 0.03515625
2 0.6767578125 0.7392578125 0.03515625 0.037109375
4 0.2939453125 0.6669921875 0.12109375 0.0859375
4 0.2705078125 0.478515625 0.09765625 0.08984375
4 0.412109375 0.302734375 0.0390625 0.080078125
4 0.630859375 0.3330078125 0.091796875 0.08984375
4 0.73046875 0.5107421875 0.078125 0.087890625
4 0.634765625 0.6865234375 0.078125 0.083984375
1 0.498046875 0.5244140625 0.8203125 0.75
0 0.49609375 0.529296875 0.072265625 0.06640625