4 0.2705078125 0.4794921875 0.099609375 0.09375
0 0.49609375 0.529296875 0.0703125 0.06640625
5 0.42578125 0.19921875 0.013671875 0.017578125
3 0.251953125 0.7109375 0.0390625 0.037109375
2 0.6767578125 0.73828125 0.037109375 0.037109375
1 0.501953125 0.5205078125 0.814453125 0.75
4 0.2939453125 0.6669921875 0.12109375 0.083984375
4 0.412109375 0.3017578125 0.044921875 0.08203125
4 0.630859375 0.3330078125 0.09375 0.091796875
4 0.73046875 0.5107421875 0.08203125 0.08984375
4 0.6328125 0.685546875 0.076171875 0.087890625