4 0.2705078125 0.478515625 0.099609375 0.08984375
4 0.2939453125 0.6669921875 0.12109375 0.0859375
4 0.73046875 0.51171875 0.078125 0.08984375
0 0.49609375 0.529296875 0.07421875 0.068359375
3 0.251953125 0.7119140625 0.0390625 0.03515625
1 0.498046875 0.525390625 0.814453125 0.744140625
4 0.6337890625 0.6865234375 0.078125 0.083984375
2 0.6767578125 0.73828125 0.037109375 0.037109375
4 0.6298828125 0.3330078125 0.09375 0.08984375
5 0.4248046875 0.197265625 0.015625 0.015625
4 0.412109375 0.302734375 0.041015625 0.080078125