1 0.5166015625 0.49609375 0.787109375 0.76953125
4 0.4921875 0.26953125 0.05078125 0.0859375
0 0.494140625 0.49609375 0.0703125 0.0703125
4 0.3251953125 0.3349609375 0.048828125 0.083984375
4 0.677734375 0.6552734375 0.04296875 0.080078125
4 0.33984375 0.6708984375 0.04296875 0.080078125
4 0.74609375 0.4853515625 0.05078125 0.087890625
4 0.662109375 0.318359375 0.05078125 0.08203125
4 0.25390625 0.5087890625 0.03515625 0.080078125
2 0.7138671875 0.69140625 0.033203125 0.03125
3 0.3028125 0.7190234375 0.05556640625 0.05595703125
5 0.2978125 0.73765625 0.01216796875 0.01373046875