1 0.494140625 0.48828125 0.84765625 0.8359375
3 0.251953125 0.7080078125 0.05078125 0.056640625
4 0.7353515625 0.478515625 0.103515625 0.09765625
0 0.4970703125 0.4931640625 0.072265625 0.076171875
4 0.263671875 0.4453125 0.10546875 0.09375
4 0.3974609375 0.2685546875 0.087890625 0.099609375
2 0.7119140625 0.734375 0.037109375 0.04296875
4 0.6552734375 0.6826171875 0.099609375 0.099609375
4 0.306640625 0.650390625 0.04296875 0.08984375
4 0.6279296875 0.2841796875 0.087890625 0.099609375
5 0.165234375 0.5543359375 0.03150390625 0.0252734375