1 0.4990234375 0.525390625 0.81640625 0.744140625
4 0.6328125 0.685546875 0.076171875 0.083984375
4 0.7314453125 0.5107421875 0.078125 0.087890625
4 0.630859375 0.3330078125 0.095703125 0.091796875
4 0.412109375 0.302734375 0.0390625 0.080078125
4 0.2705078125 0.478515625 0.099609375 0.08984375
4 0.2939453125 0.6669921875 0.12109375 0.083984375
2 0.6767578125 0.73828125 0.03515625 0.03515625
0 0.49609375 0.5302734375 0.07421875 0.068359375
3 0.251953125 0.7109375 0.037109375 0.033203125
5 0.4248046875 0.1962890625 0.01171875 0.013671875