4 0.728515625 0.5107421875 0.078125 0.08984375
4 0.6298828125 0.3330078125 0.095703125 0.095703125
4 0.4130859375 0.302734375 0.04296875 0.083984375
4 0.2705078125 0.478515625 0.10546875 0.095703125
4 0.294921875 0.666015625 0.123046875 0.091796875
1 0.4990234375 0.525390625 0.818359375 0.75
2 0.67578125 0.73828125 0.0390625 0.0390625
3 0.251953125 0.712890625 0.041015625 0.037109375
5 0.4267578125 0.1982421875 0.013671875 0.017578125
0 0.4951171875 0.529296875 0.07421875 0.06640625
4 0.634765625 0.6826171875 0.078125 0.0859375