1 0.50390625 0.4931640625 0.78125 0.763671875
4 0.4912109375 0.26953125 0.048828125 0.0859375
0 0.494140625 0.498046875 0.0703125 0.0703125
4 0.32421875 0.3349609375 0.05078125 0.083984375
4 0.74609375 0.4853515625 0.05078125 0.087890625
4 0.662109375 0.318359375 0.05078125 0.08203125
4 0.6796875 0.6552734375 0.04296875 0.080078125
4 0.33984375 0.6708984375 0.04296875 0.080078125
4 0.25390625 0.509765625 0.03515625 0.08203125
2 0.7138671875 0.69140625 0.033203125 0.03125
3 0.3015625 0.71955078125 0.050390625 0.0540234375
5 0.3026171875 0.74203125 0.0162890625 0.01517578125