1 0.515625 0.4873046875 0.79296875 0.755859375
4 0.4921875 0.2705078125 0.05078125 0.087890625
0 0.4951171875 0.498046875 0.072265625 0.0703125
4 0.67578125 0.6552734375 0.04296875 0.080078125
4 0.32421875 0.3349609375 0.05078125 0.083984375
4 0.74609375 0.4853515625 0.05078125 0.087890625
4 0.662109375 0.318359375 0.05078125 0.08203125
4 0.33984375 0.6708984375 0.04296875 0.080078125
4 0.2529296875 0.509765625 0.037109375 0.08203125
2 0.7138671875 0.69140625 0.033203125 0.03125
3 0.301328125 0.719296875 0.05220703125 0.05572265625
5 0.30298828125 0.74474609375 0.01294921875 0.0132421875