5 0.4248046875 0.197265625 0.01171875 0.01171875
0 0.4970703125 0.529296875 0.0703125 0.064453125
3 0.251953125 0.7119140625 0.037109375 0.033203125
2 0.6767578125 0.73828125 0.037109375 0.037109375
4 0.294921875 0.6669921875 0.12109375 0.0859375
4 0.2705078125 0.478515625 0.099609375 0.08984375
4 0.412109375 0.302734375 0.0390625 0.08203125
4 0.6298828125 0.3330078125 0.095703125 0.091796875
4 0.73046875 0.5107421875 0.078125 0.087890625
4 0.6328125 0.685546875 0.078125 0.083984375
1 0.5 0.525390625 0.814453125 0.748046875