1 0.50390625 0.49609375 0.77734375 0.76953125
4 0.4921875 0.26953125 0.05078125 0.0859375
0 0.494140625 0.49609375 0.0703125 0.07421875
4 0.33984375 0.6708984375 0.04296875 0.080078125
4 0.3251953125 0.3349609375 0.048828125 0.083984375
4 0.677734375 0.6552734375 0.04296875 0.080078125
4 0.662109375 0.3212890625 0.05078125 0.080078125
4 0.74609375 0.4853515625 0.05078125 0.087890625
4 0.25390625 0.505859375 0.03515625 0.08203125
2 0.7138671875 0.69140625 0.033203125 0.03125
3 0.3025 0.71919921875 0.052734375 0.056953125
5 0.29693359375 0.73826171875 0.01341796875 0.0148046875