4 0.4111328125 0.3037109375 0.041015625 0.078125
0 0.49609375 0.529296875 0.072265625 0.068359375
5 0.423828125 0.1962890625 0.013671875 0.015625
3 0.251953125 0.7109375 0.0390625 0.03515625
2 0.6767578125 0.73828125 0.03515625 0.037109375
4 0.294921875 0.6669921875 0.123046875 0.0859375
4 0.2705078125 0.4775390625 0.099609375 0.08984375
4 0.6298828125 0.3330078125 0.09375 0.08984375
4 0.73046875 0.51171875 0.078125 0.08984375
4 0.6337890625 0.685546875 0.076171875 0.083984375
1 0.4970703125 0.525390625 0.81640625 0.74609375