1 0.50390625 0.4912109375 0.79296875 0.771484375
4 0.4931640625 0.2705078125 0.048828125 0.087890625
4 0.6796875 0.6552734375 0.04296875 0.080078125
4 0.6650390625 0.318359375 0.048828125 0.08203125
4 0.3251953125 0.3359375 0.052734375 0.08203125
0 0.4990234375 0.498046875 0.076171875 0.07421875
4 0.748046875 0.4873046875 0.05078125 0.087890625
4 0.33984375 0.6708984375 0.04296875 0.080078125
2 0.7138671875 0.6904296875 0.033203125 0.033203125
4 0.2529296875 0.5087890625 0.037109375 0.080078125
3 0.301796875 0.7194921875 0.05220703125 0.056796875
5 0.3012890625 0.7434375 0.01662109375 0.0162109375