1 0.49609375 0.4892578125 0.84375 0.837890625
3 0.25 0.70703125 0.05078125 0.0546875
4 0.7353515625 0.478515625 0.103515625 0.09765625
0 0.4970703125 0.4931640625 0.072265625 0.076171875
4 0.26171875 0.4453125 0.10546875 0.09375
2 0.7099609375 0.734375 0.041015625 0.04296875
4 0.3955078125 0.2685546875 0.087890625 0.099609375
4 0.6552734375 0.6826171875 0.099609375 0.099609375
4 0.6298828125 0.283203125 0.087890625 0.09375
4 0.306640625 0.6513671875 0.04296875 0.087890625
5 0.1691796875 0.55130859375 0.021484375 0.01953125