5 0.4248046875 0.1982421875 0.013671875 0.013671875
1 0.498046875 0.525390625 0.818359375 0.74609375
4 0.6337890625 0.685546875 0.076171875 0.083984375
4 0.73046875 0.5126953125 0.078125 0.08984375
4 0.630859375 0.3330078125 0.09375 0.09375
4 0.4130859375 0.3037109375 0.041015625 0.080078125
4 0.2705078125 0.478515625 0.099609375 0.087890625
4 0.2958984375 0.6669921875 0.12109375 0.0859375
2 0.6767578125 0.7373046875 0.037109375 0.0390625
3 0.251953125 0.7119140625 0.0390625 0.033203125
0 0.49609375 0.5283203125 0.07421875 0.06640625