0 0.4970703125 0.529296875 0.072265625 0.064453125
5 0.4248046875 0.2001953125 0.013671875 0.021484375
3 0.251953125 0.7119140625 0.037109375 0.03515625
2 0.6767578125 0.73828125 0.037109375 0.0390625
4 0.294921875 0.666015625 0.12109375 0.0859375
4 0.2685546875 0.4765625 0.099609375 0.091796875
4 0.4111328125 0.302734375 0.041015625 0.083984375
4 0.6298828125 0.3330078125 0.09765625 0.09375
4 0.73046875 0.51171875 0.078125 0.08984375
4 0.6328125 0.685546875 0.076171875 0.083984375
1 0.4970703125 0.5244140625 0.81640625 0.7421875