1 0.51171875 0.4892578125 0.79296875 0.759765625
4 0.32421875 0.333984375 0.05078125 0.08203125
4 0.744140625 0.4833984375 0.05078125 0.087890625
0 0.4951171875 0.498046875 0.072265625 0.0703125
4 0.662109375 0.318359375 0.05078125 0.08203125
4 0.4921875 0.2685546875 0.05078125 0.087890625
4 0.341796875 0.671875 0.0390625 0.078125
2 0.7138671875 0.69140625 0.033203125 0.03125
4 0.6796875 0.6533203125 0.04296875 0.080078125
3 0.298828125 0.7177734375 0.05078125 0.056640625
4 0.2529296875 0.509765625 0.037109375 0.08203125
5 0.30078125 0.7431640625 0.015625 0.013671875