1 0.5029296875 0.49609375 0.775390625 0.76953125
4 0.4921875 0.26953125 0.05078125 0.0859375
0 0.494140625 0.498046875 0.0703125 0.0703125
4 0.677734375 0.6552734375 0.04296875 0.080078125
4 0.32421875 0.3349609375 0.05078125 0.083984375
4 0.341796875 0.6708984375 0.0390625 0.080078125
4 0.74609375 0.4853515625 0.05078125 0.087890625
4 0.662109375 0.3212890625 0.05078125 0.080078125
4 0.25390625 0.505859375 0.03515625 0.08203125
2 0.7138671875 0.69140625 0.033203125 0.03125
3 0.3023828125 0.71890625 0.05548828125 0.05609375
5 0.2971875 0.73765625 0.01185546875 0.01296875