1 0.4970703125 0.5234375 0.818359375 0.748046875
0 0.49609375 0.5302734375 0.072265625 0.068359375
5 0.4248046875 0.1962890625 0.015625 0.015625
3 0.251953125 0.7119140625 0.037109375 0.033203125
2 0.6767578125 0.7392578125 0.03515625 0.037109375
4 0.294921875 0.666015625 0.12109375 0.0859375
4 0.26953125 0.478515625 0.099609375 0.087890625
4 0.4111328125 0.3037109375 0.041015625 0.080078125
4 0.630859375 0.3330078125 0.09375 0.08984375
4 0.73046875 0.5107421875 0.078125 0.087890625
4 0.6337890625 0.685546875 0.076171875 0.083984375