3 0.251953125 0.7109375 0.0390625 0.03515625
2 0.6767578125 0.73828125 0.03515625 0.0390625
4 0.294921875 0.6669921875 0.12109375 0.083984375
4 0.26953125 0.478515625 0.099609375 0.08984375
4 0.4111328125 0.302734375 0.0390625 0.080078125
4 0.630859375 0.33203125 0.09375 0.08984375
4 0.7294921875 0.51171875 0.078125 0.087890625
4 0.6328125 0.6865234375 0.076171875 0.083984375
5 0.423828125 0.1962890625 0.013671875 0.015625
1 0.498046875 0.5263671875 0.81640625 0.74609375
0 0.49609375 0.529296875 0.072265625 0.06640625