1 0.5078125 0.48828125 0.83203125 0.83984375
3 0.251953125 0.7080078125 0.05078125 0.056640625
4 0.736328125 0.478515625 0.10546875 0.09765625
4 0.26171875 0.4453125 0.10546875 0.09375
4 0.306640625 0.6513671875 0.04296875 0.087890625
0 0.498046875 0.4931640625 0.0703125 0.076171875
2 0.7099609375 0.734375 0.041015625 0.04296875
4 0.6552734375 0.6826171875 0.099609375 0.099609375
4 0.3984375 0.2685546875 0.08984375 0.099609375
4 0.6298828125 0.28125 0.087890625 0.09765625
5 0.14763671875 0.55607421875 0.017578125 0.021484375