1 0.517578125 0.49609375 0.7890625 0.76953125
4 0.4921875 0.26953125 0.05078125 0.0859375
0 0.494140625 0.494140625 0.0703125 0.0703125
4 0.33984375 0.671875 0.04296875 0.08203125
4 0.3251953125 0.3349609375 0.048828125 0.083984375
4 0.677734375 0.6552734375 0.04296875 0.080078125
4 0.74609375 0.4853515625 0.05078125 0.087890625
4 0.662109375 0.318359375 0.05078125 0.08203125
4 0.25390625 0.5087890625 0.03515625 0.080078125
2 0.7138671875 0.69140625 0.033203125 0.03125
3 0.30224609375 0.719140625 0.0544921875 0.05603515625
5 0.2966796875 0.7398046875 0.01140625 0.01341796875