1 0.5029296875 0.4951171875 0.783203125 0.767578125
4 0.4912109375 0.26953125 0.048828125 0.0859375
0 0.4951171875 0.498046875 0.072265625 0.0703125
4 0.3251953125 0.3349609375 0.048828125 0.083984375
4 0.6796875 0.6552734375 0.04296875 0.080078125
4 0.74609375 0.4853515625 0.05078125 0.087890625
4 0.662109375 0.318359375 0.05078125 0.08203125
4 0.341796875 0.671875 0.0390625 0.078125
4 0.25390625 0.509765625 0.03515625 0.08203125
2 0.7138671875 0.69140625 0.033203125 0.03125
3 0.3005859375 0.72005859375 0.0507421875 0.05462890625
5 0.30326171875 0.74369140625 0.0148828125 0.01638671875