0 0.49609375 0.529296875 0.072265625 0.06640625
5 0.4248046875 0.1982421875 0.013671875 0.017578125
3 0.251953125 0.7099609375 0.0390625 0.037109375
2 0.6767578125 0.73828125 0.0390625 0.0390625
4 0.294921875 0.666015625 0.123046875 0.087890625
4 0.2705078125 0.4775390625 0.1015625 0.08984375
4 0.412109375 0.302734375 0.041015625 0.078125
4 0.630859375 0.33203125 0.09375 0.08984375
4 0.73046875 0.509765625 0.076171875 0.08984375
4 0.6328125 0.6845703125 0.076171875 0.0859375
1 0.4990234375 0.5263671875 0.818359375 0.748046875