1 0.5166015625 0.4970703125 0.798828125 0.779296875
4 0.4912109375 0.2705078125 0.052734375 0.087890625
4 0.2529296875 0.509765625 0.041015625 0.0859375
0 0.5009765625 0.49609375 0.076171875 0.07421875
4 0.6796875 0.6572265625 0.04296875 0.080078125
4 0.3251953125 0.3359375 0.052734375 0.0859375
4 0.662109375 0.3203125 0.05078125 0.08203125
4 0.748046875 0.486328125 0.05078125 0.08984375
4 0.341796875 0.671875 0.04296875 0.08203125
2 0.7138671875 0.6904296875 0.033203125 0.033203125
3 0.30068359375 0.71876953125 0.05298828125 0.05685546875
5 0.30208984375 0.74498046875 0.01505859375 0.01525390625