1 0.5 0.49609375 0.78125 0.76953125
4 0.4921875 0.2705078125 0.05078125 0.087890625
0 0.494140625 0.498046875 0.0703125 0.0703125
4 0.677734375 0.6552734375 0.04296875 0.080078125
4 0.33984375 0.671875 0.04296875 0.08203125
4 0.74609375 0.4853515625 0.05078125 0.087890625
4 0.32421875 0.3349609375 0.05078125 0.083984375
4 0.662109375 0.3212890625 0.05078125 0.080078125
4 0.25390625 0.509765625 0.03515625 0.08203125
2 0.7138671875 0.69140625 0.033203125 0.03125
3 0.30296875 0.71880859375 0.053671875 0.05619140625
5 0.2964453125 0.738671875 0.01087890625 0.0148828125