5 0.4267578125 0.1962890625 0.013671875 0.015625
3 0.2529296875 0.7109375 0.037109375 0.03515625
2 0.677734375 0.7392578125 0.03515625 0.037109375
4 0.294921875 0.666015625 0.123046875 0.0859375
4 0.2705078125 0.478515625 0.099609375 0.08984375
4 0.4130859375 0.302734375 0.041015625 0.08203125
4 0.630859375 0.3330078125 0.09375 0.08984375
4 0.73046875 0.51171875 0.078125 0.087890625
4 0.6337890625 0.685546875 0.076171875 0.083984375
1 0.5 0.5244140625 0.818359375 0.748046875
0 0.49609375 0.529296875 0.07421875 0.068359375