1 0.50390625 0.49609375 0.78125 0.76953125
4 0.4921875 0.26953125 0.05078125 0.0859375
0 0.4951171875 0.498046875 0.072265625 0.0703125
4 0.67578125 0.6552734375 0.04296875 0.080078125
4 0.32421875 0.3349609375 0.05078125 0.083984375
4 0.33984375 0.6708984375 0.04296875 0.080078125
4 0.662109375 0.318359375 0.05078125 0.08203125
4 0.74609375 0.4853515625 0.05078125 0.087890625
4 0.25390625 0.505859375 0.03515625 0.08203125
2 0.7138671875 0.6904296875 0.033203125 0.033203125
3 0.302734375 0.718984375 0.05619140625 0.05591796875
5 0.29548828125 0.739296875 0.01083984375 0.012890625