1 0.50390625 0.49609375 0.77734375 0.76953125
4 0.4921875 0.26953125 0.05078125 0.0859375
0 0.4951171875 0.494140625 0.072265625 0.0703125
4 0.32421875 0.3349609375 0.05078125 0.083984375
4 0.33984375 0.6708984375 0.04296875 0.080078125
4 0.67578125 0.6552734375 0.04296875 0.080078125
4 0.662109375 0.318359375 0.05078125 0.08203125
4 0.74609375 0.4853515625 0.05078125 0.087890625
4 0.25390625 0.505859375 0.03515625 0.08203125
2 0.7138671875 0.69140625 0.033203125 0.03125
3 0.30294921875 0.7184375 0.05587890625 0.056015625
5 0.29705078125 0.7383984375 0.0133203125 0.0128515625