1 0.517578125 0.486328125 0.79296875 0.75
4 0.4921875 0.26953125 0.05078125 0.0859375
0 0.4951171875 0.498046875 0.072265625 0.0703125
4 0.32421875 0.3349609375 0.05078125 0.083984375
4 0.662109375 0.318359375 0.05078125 0.08203125
4 0.74609375 0.4853515625 0.05078125 0.087890625
4 0.341796875 0.671875 0.0390625 0.078125
4 0.677734375 0.6572265625 0.04296875 0.083984375
4 0.2529296875 0.5087890625 0.037109375 0.080078125
2 0.7138671875 0.69140625 0.033203125 0.03125
3 0.30146484375 0.71865234375 0.051328125 0.053359375
5 0.30296875 0.74361328125 0.01421875 0.0154296875