1 0.49609375 0.490234375 0.84375 0.83203125
3 0.251953125 0.7080078125 0.05078125 0.056640625
4 0.736328125 0.478515625 0.10546875 0.09765625
4 0.263671875 0.4453125 0.10546875 0.09375
0 0.498046875 0.4951171875 0.0703125 0.080078125
4 0.6572265625 0.6826171875 0.103515625 0.099609375
4 0.3974609375 0.2685546875 0.087890625 0.099609375
4 0.306640625 0.65234375 0.04296875 0.0859375
4 0.6298828125 0.28515625 0.087890625 0.09765625
2 0.7119140625 0.734375 0.037109375 0.04296875
5 0.15625 0.52025390625 0.01953125 0.015625