5 0.4248046875 0.1962890625 0.013671875 0.013671875
3 0.251953125 0.7109375 0.0390625 0.03515625
2 0.6767578125 0.7392578125 0.037109375 0.037109375
4 0.294921875 0.6669921875 0.12109375 0.0859375
4 0.26953125 0.478515625 0.09765625 0.08984375
4 0.412109375 0.3037109375 0.0390625 0.080078125
4 0.6298828125 0.333984375 0.095703125 0.09375
4 0.7294921875 0.51171875 0.076171875 0.087890625
4 0.6328125 0.685546875 0.076171875 0.083984375
1 0.4990234375 0.5263671875 0.818359375 0.74609375
0 0.49609375 0.529296875 0.072265625 0.06640625