2 0.6767578125 0.73828125 0.03515625 0.037109375
4 0.294921875 0.6669921875 0.12109375 0.0859375
4 0.2705078125 0.478515625 0.09765625 0.08984375
4 0.412109375 0.302734375 0.0390625 0.08203125
4 0.6298828125 0.3330078125 0.095703125 0.091796875
5 0.4248046875 0.1962890625 0.013671875 0.015625
4 0.73046875 0.51171875 0.078125 0.087890625
4 0.6328125 0.6865234375 0.078125 0.087890625
1 0.4990234375 0.5234375 0.8203125 0.748046875
0 0.49609375 0.529296875 0.07421875 0.068359375
3 0.251953125 0.7119140625 0.0390625 0.03515625