1 0.517578125 0.4873046875 0.79296875 0.755859375
4 0.4921875 0.2705078125 0.05078125 0.087890625
0 0.4951171875 0.494140625 0.072265625 0.0703125
4 0.32421875 0.3349609375 0.05078125 0.083984375
4 0.744140625 0.486328125 0.05078125 0.08984375
4 0.6630859375 0.318359375 0.052734375 0.08203125
4 0.33984375 0.6708984375 0.04296875 0.080078125
4 0.67578125 0.6552734375 0.04296875 0.080078125
4 0.2529296875 0.509765625 0.037109375 0.08203125
2 0.7138671875 0.69140625 0.033203125 0.03125
3 0.30130859375 0.71857421875 0.05099609375 0.05505859375
5 0.30037109375 0.7407421875 0.01474609375 0.01541015625