1 0.5 0.4951171875 0.78515625 0.767578125
4 0.4921875 0.2705078125 0.05078125 0.087890625
0 0.494140625 0.498046875 0.0703125 0.0703125
4 0.337890625 0.671875 0.04296875 0.08203125
4 0.74609375 0.4853515625 0.05078125 0.087890625
4 0.32421875 0.3349609375 0.05078125 0.083984375
4 0.662109375 0.318359375 0.05078125 0.08203125
4 0.677734375 0.6572265625 0.04296875 0.083984375
4 0.2529296875 0.5078125 0.037109375 0.08203125
2 0.7138671875 0.69140625 0.033203125 0.03125
3 0.30298828125 0.71833984375 0.05513671875 0.05576171875
5 0.2946484375 0.74037109375 0.01029296875 0.01076171875