0 0.4970703125 0.5283203125 0.072265625 0.06640625
5 0.4248046875 0.197265625 0.013671875 0.017578125
3 0.2509765625 0.7099609375 0.0390625 0.033203125
2 0.6767578125 0.7373046875 0.03515625 0.03515625
4 0.2958984375 0.666015625 0.12109375 0.0859375
4 0.2705078125 0.478515625 0.099609375 0.087890625
4 0.412109375 0.302734375 0.0390625 0.078125
4 0.630859375 0.3330078125 0.09375 0.08984375
4 0.73046875 0.5107421875 0.078125 0.0859375
4 0.634765625 0.685546875 0.078125 0.0859375
1 0.4970703125 0.525390625 0.818359375 0.74609375