0 0.49609375 0.53125 0.0703125 0.0625
3 0.2509765625 0.7109375 0.03515625 0.033203125
2 0.6767578125 0.740234375 0.0390625 0.04296875
1 0.49609375 0.5244140625 0.818359375 0.75390625
4 0.296875 0.666015625 0.123046875 0.087890625
4 0.2685546875 0.478515625 0.09765625 0.095703125
4 0.41015625 0.302734375 0.04296875 0.083984375
4 0.630859375 0.33203125 0.095703125 0.095703125
4 0.728515625 0.51171875 0.080078125 0.091796875
4 0.6337890625 0.6826171875 0.083984375 0.0859375
5 0.423828125 0.1982421875 0.01171875 0.017578125