4 0.296875 0.6669921875 0.12109375 0.0859375
4 0.26953125 0.4775390625 0.099609375 0.08984375
4 0.4130859375 0.3037109375 0.04296875 0.08203125
4 0.630859375 0.3330078125 0.095703125 0.091796875
4 0.73046875 0.5107421875 0.078125 0.08984375
4 0.6328125 0.6845703125 0.078125 0.083984375
2 0.677734375 0.73828125 0.037109375 0.037109375
1 0.49609375 0.521484375 0.81640625 0.751953125
0 0.49609375 0.53125 0.072265625 0.064453125
5 0.4248046875 0.19921875 0.01171875 0.01953125
3 0.251953125 0.7109375 0.0390625 0.03515625