1 0.4951171875 0.490234375 0.845703125 0.83203125
3 0.251953125 0.70703125 0.05078125 0.0546875
4 0.7353515625 0.478515625 0.103515625 0.09765625
4 0.26171875 0.4453125 0.10546875 0.09375
0 0.49609375 0.4931640625 0.07421875 0.076171875
4 0.6552734375 0.6826171875 0.099609375 0.099609375
4 0.306640625 0.6513671875 0.04296875 0.087890625
2 0.7099609375 0.734375 0.041015625 0.04296875
4 0.3984375 0.2685546875 0.08984375 0.099609375
4 0.6298828125 0.283203125 0.087890625 0.09375
5 0.1538671875 0.55025390625 0.01953125 0.017578125