1 0.517578125 0.4892578125 0.7890625 0.755859375
4 0.4921875 0.26953125 0.05078125 0.0859375
0 0.4951171875 0.494140625 0.072265625 0.0703125
4 0.32421875 0.3349609375 0.05078125 0.083984375
4 0.74609375 0.4853515625 0.05078125 0.087890625
4 0.662109375 0.318359375 0.05078125 0.08203125
4 0.33984375 0.6708984375 0.04296875 0.080078125
4 0.677734375 0.6572265625 0.04296875 0.083984375
4 0.2529296875 0.509765625 0.037109375 0.08203125
2 0.7138671875 0.69140625 0.033203125 0.03125
3 0.30126953125 0.71884765625 0.052109375 0.05451171875
5 0.3026171875 0.74361328125 0.01494140625 0.014296875