3 0.251953125 0.7119140625 0.0390625 0.037109375
1 0.5 0.5234375 0.81640625 0.75
0 0.49609375 0.5302734375 0.072265625 0.068359375
4 0.6328125 0.685546875 0.078125 0.08203125
4 0.73046875 0.5107421875 0.080078125 0.08984375
4 0.6298828125 0.3330078125 0.09375 0.091796875
5 0.4248046875 0.2001953125 0.013671875 0.017578125
4 0.412109375 0.3037109375 0.0390625 0.080078125
4 0.2705078125 0.478515625 0.099609375 0.087890625
4 0.294921875 0.6669921875 0.12109375 0.0859375
2 0.677734375 0.73828125 0.0390625 0.037109375