1 0.501953125 0.5244140625 0.818359375 0.74609375
5 0.4267578125 0.1982421875 0.009765625 0.013671875
3 0.2529296875 0.7119140625 0.037109375 0.033203125
2 0.677734375 0.7392578125 0.0390625 0.0390625
4 0.2958984375 0.66796875 0.12109375 0.083984375
0 0.4970703125 0.5302734375 0.07421875 0.064453125
4 0.271484375 0.478515625 0.099609375 0.087890625
4 0.4130859375 0.302734375 0.041015625 0.080078125
4 0.6318359375 0.3330078125 0.095703125 0.091796875
4 0.7314453125 0.5126953125 0.078125 0.091796875
4 0.634765625 0.685546875 0.076171875 0.083984375