5 0.4248046875 0.1962890625 0.013671875 0.015625
3 0.251953125 0.7119140625 0.037109375 0.033203125
2 0.6767578125 0.7392578125 0.037109375 0.037109375
4 0.294921875 0.6669921875 0.12109375 0.0859375
4 0.2705078125 0.478515625 0.09765625 0.08984375
4 0.412109375 0.3037109375 0.041015625 0.078125
4 0.6298828125 0.3330078125 0.09375 0.08984375
4 0.7294921875 0.51171875 0.078125 0.087890625
4 0.6328125 0.685546875 0.076171875 0.083984375
1 0.49609375 0.5244140625 0.81640625 0.75
0 0.49609375 0.529296875 0.07421875 0.064453125