5 0.4248046875 0.1962890625 0.013671875 0.015625
3 0.251953125 0.7109375 0.0390625 0.037109375
2 0.6767578125 0.73828125 0.037109375 0.037109375
4 0.2939453125 0.6669921875 0.12109375 0.083984375
4 0.2705078125 0.478515625 0.099609375 0.08984375
4 0.412109375 0.3037109375 0.044921875 0.08203125
4 0.630859375 0.3330078125 0.09375 0.091796875
4 0.73046875 0.5107421875 0.078125 0.087890625
4 0.6328125 0.685546875 0.076171875 0.083984375
1 0.4990234375 0.525390625 0.818359375 0.75
0 0.49609375 0.5302734375 0.072265625 0.06640625