1 0.494140625 0.4892578125 0.84765625 0.837890625
3 0.2509765625 0.70703125 0.052734375 0.0546875
4 0.736328125 0.478515625 0.10546875 0.09765625
2 0.7109375 0.734375 0.0390625 0.04296875
0 0.498046875 0.4931640625 0.0703125 0.076171875
4 0.3955078125 0.2666015625 0.087890625 0.095703125
4 0.2626953125 0.443359375 0.103515625 0.09375
4 0.3076171875 0.6513671875 0.044921875 0.087890625
4 0.6533203125 0.6806640625 0.103515625 0.099609375
4 0.62890625 0.2841796875 0.08984375 0.099609375
5 0.16029296875 0.5326953125 0.0556640625 0.02478515625