5 0.4248046875 0.1962890625 0.013671875 0.015625
0 0.49609375 0.5302734375 0.072265625 0.06640625
3 0.2509765625 0.7119140625 0.037109375 0.033203125
2 0.6767578125 0.73828125 0.03515625 0.037109375
4 0.294921875 0.666015625 0.119140625 0.0859375
4 0.2705078125 0.4775390625 0.099609375 0.087890625
4 0.412109375 0.302734375 0.0390625 0.080078125
4 0.630859375 0.3330078125 0.09375 0.091796875
4 0.7294921875 0.51171875 0.078125 0.087890625
4 0.6328125 0.685546875 0.078125 0.0859375
1 0.498046875 0.525390625 0.81640625 0.75