4 0.412109375 0.302734375 0.041015625 0.080078125
0 0.49609375 0.52734375 0.07421875 0.06640625
5 0.423828125 0.1962890625 0.013671875 0.015625
3 0.251953125 0.7119140625 0.037109375 0.037109375
2 0.6767578125 0.73828125 0.037109375 0.037109375
4 0.294921875 0.6669921875 0.12109375 0.0859375
4 0.26953125 0.478515625 0.099609375 0.08984375
4 0.630859375 0.3330078125 0.095703125 0.091796875
4 0.73046875 0.5107421875 0.078125 0.091796875
4 0.6328125 0.685546875 0.076171875 0.0859375
1 0.4990234375 0.5244140625 0.814453125 0.748046875