5 0.42578125 0.1982421875 0.01953125 0.021484375
3 0.251953125 0.712890625 0.0390625 0.037109375
2 0.677734375 0.740234375 0.041015625 0.04296875
1 0.498046875 0.5244140625 0.818359375 0.748046875
4 0.2939453125 0.6669921875 0.123046875 0.083984375
4 0.271484375 0.4775390625 0.1015625 0.091796875
4 0.4130859375 0.3017578125 0.0390625 0.078125
4 0.630859375 0.33203125 0.09765625 0.087890625
4 0.728515625 0.51171875 0.078125 0.091796875
4 0.6328125 0.6845703125 0.080078125 0.0859375
0 0.49609375 0.5341796875 0.068359375 0.068359375