1 0.494140625 0.4892578125 0.84765625 0.837890625
3 0.251953125 0.7080078125 0.05078125 0.056640625
4 0.7353515625 0.478515625 0.103515625 0.09765625
0 0.4970703125 0.4931640625 0.072265625 0.076171875
4 0.263671875 0.4453125 0.10546875 0.09375
4 0.3984375 0.2685546875 0.0859375 0.099609375
4 0.306640625 0.650390625 0.04296875 0.08984375
4 0.6552734375 0.6806640625 0.099609375 0.099609375
4 0.6298828125 0.283203125 0.087890625 0.09375
2 0.7119140625 0.734375 0.037109375 0.04296875
5 0.1694921875 0.551484375 0.021484375 0.01953125