1 0.5048828125 0.4873046875 0.837890625 0.837890625
3 0.2509765625 0.70703125 0.052734375 0.0546875
0 0.49609375 0.4931640625 0.07421875 0.076171875
2 0.7109375 0.734375 0.0390625 0.04296875
4 0.736328125 0.478515625 0.10546875 0.09765625
4 0.3955078125 0.2666015625 0.087890625 0.095703125
4 0.2626953125 0.4453125 0.103515625 0.09375
4 0.3076171875 0.6513671875 0.044921875 0.087890625
4 0.6533203125 0.6826171875 0.103515625 0.099609375
4 0.62890625 0.2841796875 0.08984375 0.099609375
5 0.17837890625 0.5494921875 0.0300390625 0.02193359375