1 0.517578125 0.4892578125 0.79296875 0.755859375
4 0.4921875 0.26953125 0.05078125 0.0859375
0 0.4951171875 0.49609375 0.072265625 0.07421875
4 0.32421875 0.3349609375 0.05078125 0.083984375
4 0.74609375 0.4853515625 0.05078125 0.087890625
4 0.662109375 0.318359375 0.05078125 0.08203125
4 0.33984375 0.6708984375 0.04296875 0.080078125
4 0.6796875 0.6552734375 0.04296875 0.080078125
4 0.2529296875 0.509765625 0.037109375 0.08203125
2 0.7138671875 0.69140625 0.033203125 0.03125
3 0.3007421875 0.71904296875 0.05193359375 0.05490234375
5 0.302265625 0.743984375 0.0162109375 0.0161328125